0 0 0 0 0 0 0 0 0 0 0 0 0 0 0 0 0 0 0F 0 0 0 0 0 0 0 0 0 0 0 0 0 0 0 0 0 0 0 0 0 0 0 0 0 0C 0 0 0 0 0 0 0 0 0 0 0 0 0 0 0 0 0 0 0 0 0 0 0 0 0 0 0 0 0 0 0 0 0 0 0 0 0 0 0 0 0 0 0 0 0 0 0 0 0 0C 0 0 0 0 0
0 0 0 0 0 0 0 0 0 0 0 0 0 0 0 0 0 0 0 0 0 0 0 0 0 0 0 0 0 0 0 0 0 0 0 0 0 0 0 0 0 0 0 0 0 0 0 0 0 0 0 0 0 0 0 0 0 0 0 0 0 0 0 0 0 0 0 0 0 0 0 0 0 0 0C 0 0 0 0 0 0 0 0 0 0 0 0 0 0 0 0 0 0 0 0 0 0 0 0 0
0 0 0 0 0 0 0 0 0 0 0 0 0 0 0 0 0 0 0 0 0 0 0 0 0 0 0 0 0C 0 0 0 0 0 0 0 0 0 0 0 0 0 0 0 0 0 0 0 0 0 0 0 0 0 0 0 0 0 0 0 0 0C 0 0 0 0 0 0 0 0 0 0 0 0 0 0 0 0 0 0 0 0 0 0 0 0 0 0 0 0 0C 0 0 0 0 0 0 0 0 0
0 0 0 0 0 0 0 0 0 0 0 0 0D 0 0 0 0 0 0C 0 0 0 0 0 0 0 0 0 0 0 0 0 0 0 0 0 0 0 0 0C 0 0 0 0 0 0 0 0 0 0 0D 0 0 0 0 0 0 0 0 0 0 0 0 0 0 0 0 0 0 0 0 0 0 0 0F 0 0 0 0 0 0 0 0 0 0 0 0 0 0 0 0 0 0 0 0 0 0 0 0 0
0 0 0 0 0 0 0 0 0 0 0 0 0 0 0 0 0 0 0F 0 0 0 0 0 0 0 0 0 0 0 0 0 0 0 0 0 0 0 0C 0 0 0 0 0 0 0 0C 0 0 0 0 0 0 0 0 0 0 0 0 0 0 0 0 0 0 0 0 0 0 0 0 0 0 0 0 0 0 0 0 0 0 0 0 0 0 0 0 0 0 0 0 0 0 0 0 0 0 0 0 0
0 0 0 0 0 0 0 0 0 0 0 0 0 0 0 0 0 0 0 0C 0 0 0 0 0 0 0 0 0 0 0 0 0 0 0 0 0 0 0 0 0 0 0 0 0 0 0 0 0 0 0 0C 0 0 0 0 0 0C 0 0 0 0 0D 0 0 0 0 0 0 0 0 0 0D 0 0 0 0 0 0 0 0 0 0 0 0 0 0 0 0 0 0 0 0 0 0 0 0 0 0 0
0 0 0 0 0 0 0 0 0 0 0 0 0 0 0 0 0 0 0 0F 0 0 0 0 0 0 0 0F 0 0 0 0 0 0 0 0 0 0 0 0 0 0 0 0C 0 0 0 0 0 0 0 0 0 0 0 0 0 0 0 0 0 0 0 0C 0 0 0 0 0 0 0 0 0 0D 0 0 0 0 0 2 2 2 2 2 0 0 0 0 0 0 0 0 0 0 0 0 0 0 0 0
0 0 0 0 0 0 0 0 0 0C 0 0 0 0 0 0 0 0 0 0 0 0 0 0 0 0 0 0 0 0 0 0 0 0 0 0 0 0 0 0 0 0 0 0 0 0 0 0 0 0 0 0 0 0 0 0 0 0 0 0 0 0 0 0 0 0 0 0 0 0 0D 0 0 0 0 0 0 0 0 2 2 2 2 2 2 2 2 2 0 0 0 0 0 0 0 0 0 0 0 0C
0 0 0 0 0 0 0 0 0 0 0 0 0 0 0 0 0 0 0 0 0 0 0 0 0 0 0 0 0 0 0 0 0 0 0 0 0 0 0 0 0 0 0 0 0 0 0 0 0 0 0 0C 0 0 0 0 0 0 0 0 0 0 0 0 0 0 0 0 0 0 0 0 0 0 0 0 0 0 0 2 2 2 2 2 2 2 2 2 0 0D 0 0 0C 0 0 0 0 0 0 0
0 0 0 0D 0 0 0 0 0 0 0 0 0 0 0 0 0 0 0 0 0 0 0 0 0 0 0 0 0 0 0 0 0 0D 0 0 0 0 0 0 0 0 0 0 0 0 0 0 0 0 0 0 0 0 0 0 0 0 0 0F 0 0 0 0 0 0 0 0 0 0 0 0 0 0 0 0 0 0 0 2 2 2 2 2 0 0 0 0 0 0 0 0 0 0 0 0 0 0 0 0
0 0 0 0 0 0 0 0 0 0 1 1 1 0 1 1 1 0 0 1 1 1 0 1 1 1 0 1 0F 0 1 1 1 1 1 1 1 1 0 1 0 1 0 1 1 0 0 1 1 1 0 1 1 0 1 1 1 1 1 0 1 1 1 0 1 0 1 0 1 1 0 1 0 1 0 1 1 0 1 2 2 2 2 2 2 2 2 1 0 0 0 0 0 0 0 0 0 0 0 0
0 0 0 0 0 0 0 0 0 0 0 0 0 0 0 0 0 0 0 0 0 0 0 0 0 0 0 0 0 0 0 0 0 0 0 0 0 0 0 0 0F 0 0 0 0 0 0 0 0 0 0 0 0 0 0 0 0 0 0 0 0 0 0 0 0 0 0 0 0 0 0 0 0F 0 0 0 0 0 0 2 2 2 2 2 2 0 0 0 0 0 0 0 0 0 0 0 0 0 0 0
0 0 0 0 0 0 0 0 0 0 0 0 0 0 0 0 0 0 0 0 0 0 0 0 0 0 0 0 0 0 0 0 0 0 0 0 0 0 0 0 0 0 0 0 0 0 0 0 0 0 0 0 0 0 0 0 0 0 0 0 0 0 0 0 0 0 0 0 0 0 0 0 0 0 0 0C 0 0 0 2 2 2 2 2 2 2 2 2 2 2 2 2 2 0 0 0 0 0 0 0
0 0 0 0 0 0F 0 0 0 0 0 0 0 0 0D 0 0 0 0 0 0 0 0 0 0 0 0 0 0 0 0 0 0 0 0 0 0 0 0 0 0 0 0 0 0 0 0 0 0 0 0 0 0 0 0 0 0 0 0 0 0C 0 0 0 0 0 0 0 0 0 0 0 0 0 0 0 0 0C 0 2 2 2 2 2 2 2 2 2 2 2 0 0 0 0 0 0 0 0 0 0
0 0 0 0 0 0 0 0C 0 0 0 0 0 0 0 0 0 0 0 0 0 0 0 0 0 0 0 0 0 0 0 0 0 0 0 0 0 0 0 0 0 0 0 0 0 0 0 0 0 0C 0 0 0 0 0 0 0 0 0 0 0 0C 0 0 0 0 0 0 0 0 0 0 0 0 0 0 0 0 0 2 2 2 2 2 0 0 0 0 0 0 0 0 0 0 0 0 0 0 0 0F
0 0 0 0 0 0 0 0 0 0 0 0 0 0F 0 0 0 0 0 0 0 0 0 0 0 0 0 0 0 0 0 0 0 0 0 0 0 0 0 0 0 0 0 0 0 0 0 0C 0 0 0 0 0 0 0 0 0F 0 0 0 0 0 0 0 0 0 0 0 0 0 0 0 0 0 0F 0 0 0 0 2 2 2 2 2 2 2 2 2 2 2 2 0 0 0 0 0 0 0 0 0
0 0 0 0 0 0 0 0 0 0 0 0 0C 0 0 0 0 0 0 0 0 0 0 0 0 0 0 0 0 0 0 0 0 0 0 0 0 0 0 0 0 0 0 0 0 0 0 0F 0 0 0 0 0F 0 0 0 0 0 0 0 0 0 0 0 0 0 0 0 0 0 0 0 0 0 0 0 0 0 0 2 2 2 2 2 2 2 2 2 2 2 2 0 0 0 0 0 0 0 0 0
0 0 0 0 0 0 0 0 0 0 0 0 0 0 0 0 0 0 0 0 0 0 0 0 0 0 0 0 0 0 0 0 0 0 0 0 0 0 0 0 0 0 0 0 0 0 0 0 0 0 0 0 0 0 0 0 0 0 0 0 0 0C 0 0 0 0 0 0 0D 0 0 0 0 0 0 0 0 0 0 2 2 2 2 2 2 2 2 2 2 2 2 0 0 0 0 0 0 0 0 0
0 0 0 0 0 0 0 0 0 0 0 0 0 0F 0 0 0 0 0 0 0 0 0 0 0 0 0C 0 0 0 0 0 0 0 0C 0 0 0 0 0 0 0 0 0 0 0 0 0 0 0 0D 0 0 0 0 0 0 0 0 0 0 0C 0 0 0 0 0 0 0 0 0 0 0 0 0 0 0 0 0 2 2 2 2 2 2 2 0 0 0 0D 0 0 0 0 0 0 0 0 0 0
0 0 0 0 0 0 0 0 0 0 0 0 0 0 0 0 0 0 0 0 0 0 0 0 0 0 0 0 0 0 0 0 0 0 0 0 0 0 0 0 0 0 0 0 0 0 0 0 0 0 0 0 0 0 0 0 0 0 0 0 0 0 0C 0 0 0 0 0 0 0 0 0 0 0 0 0 0 0 0 2 2 2 2 2 2 2 2 2 2 0 0 0 0 0 0 0 0 0 0 0
0 0 0 0 0 0 0 0 0 0 1 0 1 1 1 1 1 1 0 1 1 1 1 1 0A 1 1 1 1 0 1 1 1 1 1 0A 0A 1 0A 0 0B 1 0A 1 0A 0 1 1 1 1 1 1 1 1 0A 1 1 1 1 1 0 1 1 0A 1 1 1 1 1 1 0A 1 1 1 1 1 1 0 1 2 2 2 2 2 2 1 1 1 1 0 0 0 0 0 0 0 0 0 0 0
0 0 0 0 0 0 0 0 0 0 0 0 0 0 0 0C 0 0 0 0 0 0A 0A 0 0 0 0 0 0 0A 0A 0 0A 0 0 0 0 0A 0 0B 0 0 0C 0 0B 0A 0C 0A 0 0 0A 0 0A 0 0 0A 0 0 0 0A 0 0 0C 0A 0 0 0A 0 0 0A 0 0A 0 0 0 0 0A 0D 0A 0 0 0 0 0 0 0 0 0 0 0 0 0 0 0 0 0 0 0 0 0
0C 0 0 0 0 0 0 0 0 0 0 0 0 0 0 0 0 0 0 0 0 0 0 0 0A 0 0A 0 0A 0 0A 0 0 0 0A 0 0A 0 0A 0A 0A 0A 0 0A 0A 0 0A 0 0 0 0 0 0A 0A 0A 0A 0A 0B 0A 0A 0A 0 0A 0 0A 0 0A 0 0 0A 0 0 0A 0D 0A 0 0A 0A 0 0A 0 0 0 0 0 0 0 0 0 0 0 0C 0 0 0 0 0 0 0 0
0 0 0 0 0 0 0C 0 0 0 0 0 0 0 0 0 0 0 0 0 0 0B 0 0A 0A 0 0 0A 0B 0A 0 0 0 0 0 0 0A 0A 0 0A 0A 0A 0 0A 0 0 0 0A 0A 0A 0A 0 0A 0 0A 0A 0 0A 0A 0A 0A 0A 0 0A 0A 0A 0 0 0B 0A 0A 0A 0A 0A 0A 0 0 0A 0 0A 0 0 0 0 0 0 0 0 0 0 0 0 0 0 0 0 0 0 0 0
0 0 0 0 0 0 0 0 0D 0 0 0 0 0 0 0 0 0 0 0 0 0A 0 0 0A 0 0A 0 0B 0A 0A 0 0C 0A 0 0A 0 0A 0 0 0A 0 0B 0A 0A 0A 0A 0 0A 0A 0 0A 0A 0A 0A 0A 0A 0A 0 0A 0C 0A 0A 0A 0A 0A 0A 0B 0A 0 0 0 0 0A 0A 0A 0 0A 0A 0A 0 0 0 0 0 0 0D 0 0 0 0 0 0 0 0 0 0 0 0 0
0 0 0 0C 0 0 0 0 0C 0 0 0 0 0 0 0 0 0 0 0 0 0 0A 0 0A 0A 0 0A 0A 0 0A 0 0 0 0B 0 0A 0 0 0A 0A 0 0 0A 0A 0A 0A 0 0 0A 0 0 0A 0 0 0A 0 0A 0A 0B 0A 0B 0 0B 0A 0A 0 0 0A 0A 0A 0A 0 0A 0 0 0 0A 0A 0A 0 0 0 0 0 0 0 0 0 0 0C 0 0 0 0 0 0 0 0 0
0 0 0 0 0 0 0 0 0 0 0 0 0 0C 0 0 0 0 0 0 0A 0A 0A 0A 0 0A 0 0A 0 0A 0A 0 0 0 0A 0A 0A 0A 0 0A 0A 0A 0 0 0 0 0 0A 0 0A 0A 0 0A 0 0 0 0 0A 0 0A 0A 0A 0A 0 0A 0B 0A 0 0A 0A 0A 0 0A 0 0 0A 0A 0A 0 0 0C 0 0C 0 0 0 0 0 0 0 0 0 0 0 0 0 0 0 0 0
0 0 0 0 0 0 0 0 0 0 0 0 0 0 0 0 0 0 0 0 0 0 0 0A 0A 0 0A 0A 0 0B 0F 0 0 0A 0A 0 0 0 0 0 0A 0 0A 0 0C 0 0A 0A 0A 0A 0A 0A 0A 0A 0A 0A 0 0A 0 0 0A 0A 0 0A 0 0A 0A 0A 0A 0A 0A 0A 0 0 0 0A 0A 0 0 0A 0F 0 0 0 0 0 0 0 0C 0 0 0 0 0 0 0 0 0 0 0
0 0 0 0D 0 0F 0 0 0 0 0 0 0 0 0 0 0 0 0 0 0 0B 0 0B 0 0 0A 0A 0 0A 0 0 0 0A 0A 0 0A 0 0 0 0A 0A 0A 0A 0A 0A 0 0A 0A 0A 0A 0 0 0A 0A 0 0 0 0 0 0A 0A 0 0 0A 0 0 0A 0A 0A 0A 0 0A 0 0A 0 0A 0 0 0A 0 0 0 0 0 0 0 0 0 0 0 0 0D 0 0 0 0 0 0 0
0 0 0 0 0 0 0 0 0 0 0 0 0 0 0 0 0 0 0 0 0A 0 0 0 0 0 0A 0 0 0A 0A 0 0 0 0 0A 0 0 0 0A 0A 0 0A 0 0A 0A 0 0 0A 0B 0A 0 0 0A 0A 0B 0 0 0A 0 0 0A 0 0B 0 0 0 0A 0 0 0 0 0A 0A 0 0 0 0A 0 0 0 0 0 0 0 0 0 0 0 0 0 0 0 0 0 0 0 0 0 0
0 0 0 0 0 0 0 0 0 0 1 1 0 0 1 1 0 1 1 0 1 0A 1 1 0A 1 1 1 0 0A 1 1 0 1 1 1 0A 1 1 0A 1 1 1 1 1 0A 1 0A 0A 0 0 1 1 1 0 1 0A 1 1 1 1 1 0A 1 1 0A 1 0 1 1 0B 1 1 0A 1 1 1 1 1 1 1 0 0D 1 0 0 1 0 1 0 0 0 0 0 0 0 0 0 0 0
0 0 0 0 0 0 0 0 0 0 0 0 0 0 0 0 0 0 0 0 0 0 0A 0 0B 0A 0 0A 0A 0A 0A 0A 0A 0A 0A 0A 0 0 0 0A 0A 0 0 0 0 0 0A 0 0A 0A 0A 0 0 0A 0A 0A 0A 0 0A 0A 0A 0A 0A 0A 0B 0 0A 0A 0 0A 0 0 0A 0A 0A 0A 0 0 0A 0D 0 0 0 0 0 0 0 0 0 0 0 0 0 0 0 0 0 0 0 0
0 0 0 0 0 0 0 0 0 0 0 0 0 0 0 0 0 0 0 0C 0A 0 0A 0A 0 0A 0 0 0A 0 0 0 0 0A 0A 0A 0 0A 0 0 0A 0A 0A 0A 0A 0 0 0B 0 0A 0A 0A 0 0 0 0A 0A 0 0A 0 0 0A 0 0 0 0A 0A 0A 0A 0A 0A 0 0A 0 0 0 0A 0A 0 0 0 0 0 0F 0 0 0 0 0 0 0 0 0 0 0 0 0 0 0 0
0 0 0 0 0 0 0C 0 0 0D 0 0 0 0 0 0 0 0F 0 0 0 0 0A 0A 0A 0 0B 0 0A 0A 0A 0 0A 0A 0 0A 0 0 0 0 0 0 0 0A 0A 0A 0A 0 0 0A 0A 0 0A 0 0 0A 0 0 0A 0 0A 0A 0 0A 0 0A 0A 0A 0A 0A 0 0D 0A 0 0A 0 0A 0A 0A 0B 0 0 0 0 0 0 0 0 0 0 0 0C 0 0 0 0 0 0 0 0
0 0 0 0C 0 0 0 0 0 0 0 0 0 0 0 0 0 0 0 0 0 0A 0A 0 0A 0B 0A 0 0 0 0A 0 0 0 0A 0A 0A 0 0A 0 0 0A 0A 0A 0A 0A 0 0A 0 0A 0 0 0 0A 0B 0A 0 0A 0B 0A 0 0 0 0 0A 0A 0B 0A 0A 0 0 0 0 0 0A 0 0A 0A 0 0A 0 0 0 0 0 0 0 0 0 0 0 0 0 0 0 0 0 0 0 0
0 0 0 0 0 0 0 0 0 0 0 0 0 0 0 0 0 0 0 0 0 0A 0A 0 0A 0A 0A 0A 0F 0A 0 0 0 0A 0 0A 0A 0 0 0B 0A 0A 0B 0 0A 0 0A 0 0A 0A 0A 0 0A 0A 0 0 0A 0A 0 0A 0C 0A 0B 0 0A 0A 0A 0A 0A 0 0A 0A 0 0A 0A 0 0A 0 0 0A 0 0 0 0 0 0 0 0 0D 0 0 0 0C 0 0 0 0 0 0 0
0 0D 0 0 0 0 0 0 0 0 0 0 0 0 0 0 0 0 0 0 0A 0 0A 0 0A 0A 0 0 0A 0 0A 0A 0B 0A 0A 0A 0F 0A 0 0 0 0A 0 0 0D 0 0 0 0A 0B 0 0A 0 0 0 0A 0A 0 0 0 0 0 0A 0 0 0A 0A 0 0B 0A 0 0B 0 0 0 0A 0A 0 0 0 0 0 0 0 0 0 0 0 0 0 0 0 0 0 0 0 0 0 0 0
0 0 0 0 0F 0 0 0 0 0 0 0 0 0 0 0 0 0 0 0 0A 0B 0 0A 2 2 2 2 2 2 2 2 2 2 2 2 2 2 0A 0 0A 0A 0 0 0 0A 0A 0A 0 0A 0 0 0 0 0A 0 0A 0 0A 0 0 0A 0 0A 0 0A 0 0A 0A 0A 0 0A 0 0 0 0A 0 0 0 0 0 0 0 0 0 0 0 0 0 0 0 0 0 0 0 0 0F 0 0 0
0 0 0 0 0 0 0 0 0 0 0 0 0 0 0 0 0 0 0 0 0A 0 0 0A 2 2 2 2 2 2 2 2 2 2 2 2 2 2 0A 0 0 0A 0A 0A 0 0 0A 0A 0A 0A 0 0A 0 0D 0A 0A 0A 0A 0A 0 0A 0 0 0C 0 0A 0 0 0A 0 0 0 0 0A 0A 0A 0 0A 0A 0A 0 0 0 0 0 0 0 0 0 0 0 0 0 0 0 0 0 0 0 0C
0 0 0 0 0 0 0 0 0 0 0 0 0 0 0 0 0 0 0 0 0A 0A 0A 0A 2 2 2 2 2 2 2 0A 0 0A 0 0A 0 0A 0A 0A 0A 0A 0A 0A 0A 0A 0A 0 0A 0A 0 0A 0A 0 0 0 0A 0D 0A 0A 0A 0A 0 0A 0C 0A 0A 0 0 0 0A 0 0 0 0 0B 0 0 0A 0 0 0 0 0 0 0 0 0 0 0 0C 0 0 0 0 0 0 0 0 0
0 0 0 0 0 0 0 0 0 0 0 1 0 1 1 1 1 1 0 1 1 1 0F 1 2 2 2 2 2 2 1 0A 1 0A 1 1 1 0 1 1 1 1 0A 1 1 1 1 1 1 0 1 1 1 1 1 0A 1 1 1 1 1 0 1 1 1 1 1 1 0 1 1 0 0 0A 1 1 0A 1 0A 1 1 1 0 1 1 1 0 0 1 1 0 0 0C 0 0 0 0 0 0 0
0 0 0 0 0 0 0 0 0 0 0 0 0D 0 0 0 0 0 0 0 0A 0A 0B 0 2 2 2 2 2 2 0 0A 0A 0A 0A 0 0A 0 0 0 0A 0A 0 0 0A 0A 0 0A 0A 0 0 0 0 0 0 0A 0A 0A 0 0 0 0 0 0A 0 0 0A 0A 0A 0A 0A 0 0A 0 0B 0 0 0A 0A 0A 0 0 0 0 0 0 0 0 0 0 0 0 0 0 0 0 0 0 0 0
0 0 2 2 2 2 2 2 2 2 2 2 2 0 0 0 0 0 0 0 0A 0A 0A 0 2 2 2 2 2 0A 0B 0 0 0 0 0C 0A 0A 0A 0 0 0A 0A 0A 0A 0A 0 0 0 0A 0B 0A 0 0A 0 0 0A 0 0A 0 0 0A 0 0 0A 0 0C 0A 0A 0A 0A 0A 0 0 0 0A 0A 0A 0 0 0 0 0 0 0C 0 0 0 0 0 0 0 0 0 0C 0 0 0 0 0
0 0 2 2 2 2 2 2 2 0 0 0 0 0 0 0 0 0 0 0 0 0 0A 0C 2 2 2 2 2 2 2 2 2 0A 0A 0A 0A 0 0A 0A 0 0 0 0 0F 0A 0 0A 0A 0 0A 0 0A 0 0A 0 0 0B 0A 0 0A 0 0A 0 0 0A 0A 0A 0 0 0A 0A 0A 0A 0 0 0 0A 0A 0A 0 0 0 0 0 0 0 0 0 0D 0 0 0 0 0 0 0 0 0 0
0 0 2 2 2 2 2 2 2 2 2 2 0 0 0 0 0 0 0 0 0 0A 0A 0A 2 2 2 2 2 2 2 2 2 2 2 2 2 2 2 0 0A 0A 0 0 0A 0A 0A 0A 0A 0F 0 0 0A 0A 0 0 0B 0B 0A 0A 0A 0A 0 0A 0 0A 0B 0A 0 0A 0A 0 0 0A 0 0A 0A 0A 0A 0A 0 0 0 0 0 0 0 0 0 0 0 0 0 0 0 0 0 0 0 0
0 0 2 2 2 2 2 2 2 2 2 0 0 0 0 0 0 0 0 0 0 0A 0A 0B 2 2 2 2 2 2 2 2 2 2 2 2 2 2 2 0A 0A 0A 0B 0A 0 0A 0 0 0A 0 0 0A 0A 0A 0A 0F 0A 0 0A 0 0A 0 0 0A 0A 0 0A 0 0A 0 0A 0A 0A 0A 0A 0A 0A 0 0A 0A 0 0 0 0 0 0 0 0 0 0 0 0 0 0 0 0 0 0 0 0C
0C 0 2 2 2 2 2 2 0 0 0 0 0 0 0 0 0 0 0 0 0 0A 0A 0 2 2 2 2 2 0A 0A 0A 0 0 0 0 0 0 0B 0A 0A 0A 0A 0A 0B 0A 0A 0 0A 0 0 0A 0A 0 0A 0A 0B 0 0 0 0 0 0A 0A 0A 0A 0 0 0 0 0A 0 0 0A 0B 0B 0 0A 0A 0A 0 0 0 0 0 0 0 0 0 0 0 0 0 0 0 0 0 0 0 0
0 0 2 2 2 2 2 2 0 0 0 0 0 0 0 0 0 0 0 0 0 0 0 0A 2 2 2 2 2 2 2 2 2 2 2 2 0A 0 0B 0 0A 0 0 0A 0A 0 0A 0A 0A 0A 0 0 0A 0A 0 0A 0 0 0 0 0 0A 0A 0 0A 0A 0 0A 0A 0A 0D 0 0A 0 0 0A 0 0C 0A 0A 0 0 0 0 0 0 0 0 0 0 0 0 0 0 0 0 0 0 0 0
0 0 2 2 2 2 2 2 2 2 2 2 2 2 0 0 0 0 0 0 0 0A 0 0 2 2 2 2 2 2 2 2 0B 0A 0A 0A 0 0A 0B 0A 0A 0A 0A 0 0 0A 0 0A 0A 0A 0A 0 0A 0A 0 0A 0 0 0A 0 0 0 0 0 0A 0A 0A 0 0A 0A 0 0 0 0 0 0A 0 0A 0 0A 0 0 0 0 0 0 0C 0 0 0 0 0 0 0 0 0 0 0 0 0D
0 0 2 2 2 2 2 2 2 0 0 0 0 0 0 0 0 0 0 0 0 0 0 0A 2 2 2 2 2 2 2 0 0A 0 0A 0 0 0 0A 0C 0A 0A 0A 0A 0A 0 0A 0 0A 0 0A 0A 0 0 0 0A 0 0 0A 0 0A 0A 0B 0A 0 0B 0 0 0 0A 0A 0A 0C 0A 0A 0 0 0 0A 0 0 0 0 0 0 0 0 0 0 0 0 0 0C 0 0 0 0C 0 0 0
0 0 0 0 0 0 0D 0 0 0 1 1 1 1 1 0 1 1 1 0 1 0 1 1 0A 1 1 1 1 1 1 0 1 1 0A 0 0 0 1 1 1 0B 1 1 1 1 1 1 1 1 0A 0A 1 1 0 0A 0A 1 1 0A 0A 1 0A 1 1 1 0C 1 1 0A 1 1 0 1 0 0B 1 1 0 0 0 0 0 1 1 1 1 1 1 1 0 0 0 0 0 0 0 0 0 0
0 0C 0 0 0 0 0 0 0 0 0 0 0 0 0 0 0 0 0 0 0 0A 0 0A 0 0A 0 0B 0A 0A 0 0A 0A 0 0 0A 0 0 0 0A 0A 0A 0B 0A 0A 0 0 0A 0A 0A 0 0B 0 0B 0 0 2 2 2 2 2 2 2 2 2 2 2 0 0A 0 0A 0 0 0A 0 0A 0 0A 0 0 0 0 0 0 0 0 0 0 0 0C 0 0 0 0 0 0 0 0 0 0
0 0 0 0 0 0 0 0 0 0 0 0 0D 0 0 0 0 0 0 0 0A 0 0A 0A 0A 0A 0 0B 0 0A 0A 0 0 0 0 0A 0 0 0 0 0 0 0 0A 0A 0A 0A 0 0 0 0A 0A 0 0 0A 0 2 2 2 2 2 2 2 0 0 0A 0A 0 0 0 0A 0 0 0 0A 0D 0 0A 0A 0A 0 0 0 0 0 0 0 0 0 0 0 0 0 0 0 0 0 0 0 0
0 0 0 0 0 0 0C 0 0 0 0 0 0 0 0 0 0 0 0 0 0A 0A 0A 0 0 0 0A 0A 0A 0A 0 0 0A 0 0B 0 0A 0A 0A 0 0A 0 0A 0F 0 0 0A 0A 0A 0 0 0A 0A 0B 0A 0A 2 2 2 2 2 2 2 2 2 2 2 2 2 2 2 0 0 0 0A 0 0 0A 0 0A 0 0 0 0 0D 0 0 0 0 0 0 0 0 0 0 0 0 0 0 0
0 0 0 0 0 0 0 0 0 0 0 0 0 0 0 0 0 0 0 0 0 0A 0 0A 0 0 0 0 0A 0A 0A 0A 0 0 0A 0B 0 0A 0A 0 0 0A 0 0A 0A 0A 0A 0A 0A 0A 0 0 0F 0A 0 0 2 2 2 2 2 2 2 2 2 2 2 2 2 2 0A 0A 0 0A 0D 0 0A 0 0 0 0 0 0 0 0 0 0 0 0 0 0 0 0 0 0 0 0 0 0 0
0 0 0 0 0 0 0 0F 0 0 0 0D 0 0 0 0 0 0 0 0 0 0 0B 0A 0A 0 0A 0A 0 0A 0A 0A 0A 0A 0A 0 0A 0A 0A 0A 0A 0A 0A 0 0A 0A 0A 0A 0 0A 0A 0A 0 0A 0B 0A 2 2 2 2 2 2 2 2 2 2 2 2 2 2 0A 0A 0A 0A 0A 0 0A 0A 0A 0A 0 0 0 0 0 0 0 0 0 0 0D 0 0 0 0 0 0 0 0C 0
0 0 0 0 0 0 0 0 0 0 0 0C 0 0 0 0 0 0 0 0 0A 0A 0A 0A 0 0A 0A 0A 0 0 0C 0A 0A 0A 0A 0B 0 0A 0A 0 0A 0A 0B 0 0B 0 0A 0C 0 0 0A 0A 0A 0 0 0 2 2 2 2 2 2 2 2 2 2 2 2 2 2 0 0A 0A 0A 0 0A 0 0 0A 0A 0 0 0 0 0 0 0 0 0 0 0 0 0 0 0 0 0 0 0 0
0 0 0 0 0 0 0 0 0 0 0 0 0 0 0 0 0 0 0 0 0 0 0A 0A 0A 0C 0 0A 0A 0 0 0A 0A 0B 0 0A 0A 0 0 0A 0A 0 0 0A 0 0 0A 0 0 0A 0A 0C 0 0A 0 0 2 2 2 2 2 2 2 2 2 2 2 2 2 2 2 0 0A 0 0 0A 0 0A 0A 0A 0 0 0 0 0 0 0 0 0 0D 0C 0 0 0 0 0 0 0 0 0
0 0 0 0 0 0 0D 0 0 0 0 0 0 0 0 0 0 0 0 0 0A 0A 0A 0B 0 0A 0 0 0A 0 0A 0A 0A 0 0A 0 0 0 0A 0A 0A 0A 0A 0 0A 0A 0B 0A 0 0 0A 0 0A 0A 0A 0A 2 2 2 2 2 2 0A 0B 0 0A 0A 0A 0A 0A 0A 0 0A 0A 0 0A 0 0A 0A 0B 0 0 0 0 0 0 0 0 0 0 0 0 0D 0 0 0 0 0 0 0
0 0 0 0 0 0 0 0 0 0 0 0 0 0 0 0 0 0 0 0 0A 0A 0B 0 0 0A 0 0A 0A 0A 0 0A 0A 0A 0 0 0 0A 0 0 0A 0A 0 0 0A 0A 0A 0 0A 0 0A 0 0A 0A 0A 0 2 2 2 2 2 2 2 2 2 2 0B 0 0A 0 0A 0A 0A 0A 0A 0F 0 0A 0A 0B 0 0C 0 0 0 0 0 0 0 0 0 0 0 0 0 0 0C 0 0 0
0 0 0F 0 0 0 0 0 0 0 1 1 1 0 0 1 1 1 1 0 0 1 1 1 1 1 1 1 1 1 0A 1 1 1 1 0 1 1 1 1 1 1 1 1 0A 0 1 1 1 0 1 1 1 1 1 1 2 2 2 2 2 2 2 2 0A 1 1 1 1 1 1 1 0 1 1 1 0 1 1 0 0 1 1 1 1 1 0 1 1 1 0 0 0 0 0 0C 0 0 0 0
0 0 0 0 0 0 0 0 0 0 0 0 0 0 0 0 0 0 0 0 0A 0A 0 0A 0 0 0A 0A 0A 0 0 0A 0 0A 0D 0A 0 0A 0 0 0A 0A 0 0 0A 0A 0A 0B 0 0A 0A 0A 0 0 0 0A 2 2 2 2 2 0A 0 0 0A 0A 0 0 0A 0 0 0A 0B 0A 0 0 0A 0 0 0 0 0 0 0 0 0D 0 0 0 0 0 0 0 0 0 0 0 0 0 0
0 0 0 0 0 0 0 0 0 0 0 0 0 0 0 0 0 0 0 0 0 0 0A 0 0 0 0 0B 0A 0A 0 0A 0 0 0 0 0A 0A 0A 0 0A 0A 0 0 0 0A 0 0 0A 0A 0 0 0A 0C 0A 0 2 2 2 2 2 2 2 0 0 0 0 0A 0A 0 0A 0B 0 0A 0 0 0A 0A 0 0 0 0D 0 0 0 0 0 0 0 0 0 0 0 0 0 0 0 0 0 0C
0 0F 0 0 0 0C 0 0 0 0 0 0 0 0 0 0 0 0 0 0 0A 0 0 0 0 0A 0A 0B 0A 0 0A 0 0 0B 0A 0B 0A 0 0 0A 0A 0 0 0A 0A 0A 0 0D 0A 0A 0 0A 0A 0 0 0A 2 2 2 2 2 2 0A 0A 0A 0A 0 0 0A 0A 0 0 0A 0 0 0A 0A 0A 0A 0 0 0 0 0 0 0 0 0F 0 0 0 0 0 0 0 0 0 0 0 0
0 0 0 0 0 0C 0 0 0 0 0 0 0 0C 0 0 0 0 0 0 0 0A 0A 0A 0A 0A 0A 0A 0 0A 0 0A 0 0 0A 0C 0B 0 0A 0A 0A 0A 0 0A 0 0A 0 0F 0 0A 0A 0 0A 0 0A 0A 2 2 2 2 2 2 2 2 0A 0A 0 0A 0A 0A 0 0A 0A 0A 0A 0 0 0 0A 0 0 0 0 0 0 0 0 0 0 0 0 0 0 0 0C 0 0 0 0 0
0 0 0 0 0 0 0 0 0 0 0 0 0 0 0F 0 0 0 0 0 0 0 0B 0A 0 0 0 0A 0A 0A 0A 0A 0 0 0 0D 0A 0 0A 0A 0 0 0A 0A 0A 0 0A 0A 0A 0 0 0 0A 0 0 0 2 2 2 2 2 2 2 2 2 0A 0 0B 0A 0 0 0A 0 0A 0A 0 0A 0A 0 0 0 0 0 0 0 0 0 0 0 0 0 0 0 0 0 0 0F 0 0 0
0 0 0 0 0D 0 0 0 0 0 0 0 0 0 0 0 0 0 0 0 0 0 0 0 0C 0A 0A 0 0A 0 0 0A 0A 0 0 0 0 0A 0 0A 0 0A 0A 0A 0A 0A 0 0 0A 0A 0A 0 0 0 0B 0 0A 0 0A 0A 0A 0A 0 0 0A 0A 0A 0 0A 0 0 0A 0 0 0 0A 0A 0 0A 0 0F 0 0 0 0 0 0 0 0 0 0C 0 0 0 0 0 0 0 0 0
0 0 0 0 0 0 0 0 0 0 0 0 0 0 0 0 0 0 0 0 0 0 0 0A 0B 0 0 0A 0A 0A 0A 0A 0 0A 0A 0 0 0 0A 0 0A 0A 0 0A 0 0 0A 0 0B 0A 0A 0A 0 0 0 0A 0 0A 0 0A 0A 0A 0A 0 0A 0 0D 0A 0 0 0A 0 0 0 0D 0A 0A 0 0 0A 0 0 0 0C 0 0 0 0D 0 0 0 0 0 0 0 0 0 0 0 0
0 0 0 0 0 0 0 0 0 0 0 0 0 0 0 0 0 0 0 0 0B 0 0A 0A 0A 0A 0B 0 0 0A 0A 0A 0A 0 0 0 0A 0 0A 0 0A 0 0A 0A 0A 0A 0A 0 0 0A 0A 0 0 0A 0 0A 0A 0A 0 0 0 0A 0A 0 0A 0 0A 0 0A 0A 0A 0 0A 0A 0A 0 0A 0 0 0 0 0 0 0 0 0 0 0 0 0 0 0 0 0 0 0 0 0 0 0
0 0 0 0 0 0 0 0 0 0 0 0 0 0 0 0 0 0 0 0 0 0A 0A 0B 0A 0 0 0 0A 0 0 0A 0A 0A 0A 0A 0 0A 0A 0A 0 0A 0 0A 0A 0 0 0 0 0A 0 0 0B 0A 0A 0 0A 0 0A 0 0 0A 0 0 0 0 0 0 0 0 0A 0 0 0 0A 0A 0 0A 0A 0 0 0 0 0 0 0 0 0 0 0 0 0 0 0 0 0 0 0 0 0
0 0 0 0 0 0 0 0 0 0 0 0 0 1 1 1 1 1 1 1 1 1 0A 1 0A 1 1 1 1 0 0 0C 1 1 0A 1 1 1 1 0A 1 1 1 1 1 1 0 0 0A 0A 1 0 1 1 0A 1 1 0 1 1 0 1 0A 0A 1 1 1 0B 0 1 1 0 1 1 1 1 1 1 1 1 1 0 0 0 1 0 1 0 0 1 0 0 0 0 0 0 0 0 0 0
0 0 0 0 0 0 0 0 0 0 0 0 0 0 0 0 0 0 0 0 0A 0A 0 0A 0A 0 0A 0A 0A 0 0 0 0A 0A 0A 0A 0A 0A 0A 0A 0B 0A 0 0A 0A 0A 0B 0 0A 0A 0A 0A 0 0 0A 0 0A 0 0A 0A 0A 0 0A 0A 0 0 0A 0A 0A 0A 0 0A 0A 0 0A 0A 0 0A 0A 0 0 0 0 0 0 0 0 0 0 0 0 0 0C 0 0 0 0 0 0 0
0 0 0 0 0 0 0 0 0 0 0 0 0 0 0 0 0 0 0 0 0 0 0A 0A 0A 0A 0 0 0A 0A 0A 0A 0A 0A 0 0A 0 0A 0B 0A 0A 0A 0 0 0A 0B 0C 0A 0 0 0 0 0D 0 0A 0A 0 0A 0 0A 0A 0 0A 0A 0A 0 0 0 0A 0 0 0 0 0A 0 0 0 0 0A 0 0 0 0C 0 0 0 0 0 0 0 0 0 0 0 0 0 0 0C 0 0
0 0 0 0C 0 0 0 0 0 0 0 0 0 0 0 0 0 0 0 0 0A 0A 0 0 0 0 0A 0A 0 0 0 0B 0A 0A 0B 0A 0A 0A 0 0A 0A 0 0 0A 0 0A 0 0 0A 0A 0A 0A 0 0A 0 0 0A 0A 0 0A 0 0B 0A 0 0A 0A 0C 0A 0A 0 0A 0 0A 0 0B 0 0A 0A 0A 0 0 0 0 0 0 0 0 0 0 0 0 0 0D 0 0 0 0 0 0 0
0 0 0 0 0 0 0 0 0 0 0 0 0 0 0 0 0 0 0 0 0A 0A 0A 0A 0A 0B 0 0A 0 0 0A 0A 0 0A 0 0A 0 0 0A 0 0 0 0A 0 0A 0A 0 0 0A 0 0 0A 0A 0 0A 0A 0A 0 0A 0 0 0D 0 0 0 0 0A 0A 0A 0A 0A 0A 0A 0A 0A 0 0 0 0B 0A 0 0 0 0 0 0 0 0 0 0 0 0 0 0 0 0 0 0 0 0
0 0 0C 0 0 0 0 0 0 0 0 0 0 0 0 0 0 0 0 0 0 0A 0A 0B 0F 0 0 0A 0A 0B 0A 0A 0 0A 0 0 0A 0A 0 0A 0 0A 0 0 0 0A 0A 0A 0A 0A 0A 0 0 0B 0 0 0 0A 0A 0A 0A 0 0 0 0 0 0A 0 0 0 0 0 0A 0 0A 0A 0A 0 0 0 0 0 0 0 0 0 0 0 0 0 0 0 0 0C 0 0 0 0 0C 0
0 0 0 0 0 0 0 0 0 0 0 0 0 0 0 0 0 0 0 0C 0A 0 0A 0 0 0 0A 0A 0 0A 0 0A 0 0 0 0A 0 0 0A 0A 0C 0A 0 0B 0 0C 0A 0 0 0 0A 0A 0A 0A 0 0A 0A 0 0A 0 0 0 0 0A 0 0A 0A 0A 0A 0A 0A 0F 0A 0F 0 0B 0A 0A 0A 0A 0 0 0 0 0 0 0 0 0 0 0 0 0 0 0 0 0 0 0 0C
0 0 0 0 0 0F 0 0 0 0 0 0 0 0 0 0 0 0 0 0 0 0 0A 0A 0A 0 0 0 0A 0A 0 0 0 0 0A 0 0 0A 0 0A 0 0 0 0A 0 0 0 0 0 0A 0 0A 0A 0A 0A 0C 0A 0A 0 0 0A 0 0A 0 0 0 0 0A 0A 0 0A 0A 0 0 0 0A 0 0 0 0 0 0 0 0 0C 0 0 0 0 0 0 0 0 0 0 0 0 0 0 0D
0 0 0 0 0 0 0 0 0 0 0 0 2 2 2 2 2 2 2 2 2 2 2 2 2 0 0A 0B 0A 0B 0A 0 0A 0 0A 0A 0A 0A 0A 0 0 0A 0 0 0 0 0B 0 0 0A 0A 0A 0 0 0A 0 0A 0A 0A 0B 0A 0 0 0A 0 0 0A 0 0 0A 0A 0 0 0 0A 0 0 0A 0A 0B 0 0 0 0 0 0 0 0 0 0 0 0 0 0 0 0 0 0 0 0
0 0 0 0 0 0 0 0 0 0 0 0 2 2 2 2 2 2 2 2 2 0A 0B 0 0 0 0A 0 0 0 0 0A 0 0B 0A 0 0A 0A 0A 0 0 0A 0 0A 0A 0 0A 0A 0 0D 0A 0A 0A 0 0 0A 0 0A 0A 0A 0 0A 0 0A 0 0A 0A 0A 0A 0 0A 0A 0A 0A 0 0A 0A 0A 0A 0 0 0 0 0 0C 0 0C 0 0 0 0 0 0 0 0 0 0 0 0 0
0 0 0 0 0 0 0 0 0 0C 0 1 2 2 2 2 2 0 0 1 0 1 1 1 0 0 1 1 0 1 0 0 1 1 0 0 1 0 1 1 1 1 1 0 0F 1 0 1 1 0 1 0 0 1 0 0 1 0 1 1 1 1 0 1 1 1 0 0 1 1 1 1 1 1 1 0 0 1 0 1 0 1 1 0 1 1 1 1 1 0 0 0 0 0 0 0 0 0 0 0
0 0 0 0 0 0 0 0 0 0 0 0 2 2 2 2 2 2 0 0 0 0 0F 0 0 0 0 0 0 0 0 0 0 0 0 0 0 0 0 0 0 0 0 0 0 0 0 0 0 0 0 0 0 0 0 0F 0 0 0 0 0 0 0D 0 0 0 0 0 0 0 0 0 0 0 0 0 0 0 0 0 0 0D 0 0 0 0 0 0 0 0 0 0 0 0 0 0 0 0C 0 0
0 0 0 0 0 0 0 0 0 0 0 0 2 2 2 2 2 2 2 2 2 2 2 2 2 2 0 0 0 0 0 0 0 0 0 0 0 0F 0 0 0 0C 0 0 0 0 0 0 0 0 0 0 0 0 0 0 0 0 0 0 0 0 0 0 0 0 0 0 0 0 0 0 0 0 0 0 0 0 0 0 0 0 0 0 0 0 0 0 0 0 0 0 0 0 0 0 0 0 0 0
0 0 0 0 0 0 0 0 0 0 0 0 2 2 2 2 2 2 2 2 2 2 2 2 2 0 0 0 0 0 0 0F 0 0 0 0D 0 0 0 0 0 0 0 0 0 0 0 0 0 0 0 0 0 0 0 0 0 0 0 0 0 0 0D 0 0 0 0 0 0 0 0 0 0 0 0 0 0 0 0 0 0 0 0 0 0 0 0 0 0 0 0 0 0 0 0 0 0 0 0 0
0C 0 0 0 0 0 0 0 0 0 0 0 2 2 2 2 2 2 2 0 0 0 0 0 0 0 0 0 0 0 0 0 0 0 0C 0 0 0 0 0 0 0 0 0 0C 0 0 0D 0 0 0 0 0 0 0 0 0 0 0 0 0 0 0 0 0 0 0 0 0 0 0 0 0 0 0 0 0D 0 0F 0 0 0 0 0 0C 0 0 0 0 0 0 0 0F 0 0 0 0 0 0 0
0 0 0 0 0 0 0 0 0 0 0 0 0 0 0 0 0 0 0 0 0 0 0 0 0 0 0 0 0 0 0 0 0 0 0 0 0 0 0 0 0 0 0 0 0 0 0 0 0 0 0 0 0 0 0 0 0 0 0 0 0 0 0 0 0 0 0 0 0 0 0 0 0 0 0 0 0 0 0 0 0 0 0 0 0 0 0 0 0 0 0C 0 0 0 0 0 0 0 0 0
0 0 0 0 0 0 0 0 0 0 0 0 0 0C 0 0 0 0 0 0 0 0 0 0 0 0 0 0 0 0 0 0 0 0 0 0 0 0 0 0 0 0 0 0 0 0 0 0 0 0 0 0 0 0 0 0 0 0 0 0 0 0 0 0 0 0 0 0 0 0 0F 0 0 0 0 0 0 0 0 0 0 0 0 0 0 0 0 0 0 0 0 0 0 0 0 0 0 0 0C 0
0 0 0 0 0 0 0 0 0 0 0F 0 0 0 0 0 0 0 0 0 0 0 0 0 0 0 0 0 0 0 0 0 0 0 0 0 0 0 0 0 0 0 0 0 0 0 0 0 0 0 0 0 0 0 0 0 0 0 0 0 0 0 0 0 0 0 0 0 0 0 0 0 0 0 0 0 0 0 0 0 0 0 0 0 0 0 0 0 0 0 0C 0 0 0 0 0 0 0 0 0
0 0 0 0 0 0 0 0 0 0 0 0 0 0 0 0 0 0 0 0 0 0 0 0 0 0 0 0 0 0 0 0 0 0 0 0 0 0 0 0 0 0 0 0 0 0 0 0 0 0 0 0 0 0 0 0 0 0 0 0 0 0 0 0 0 0 0 0 0 0 0 0 0 0 0 0 0 0 0 0 0 0 0 0 0 0 0 0D 0 0 0 0 0 0 0 0 0 0F 0 0
0 0 0 0 0 0 0 0C 0 0 0 0 0 0 0 0 0 0 0 0 0 0 0 0 0 0 0 0 0 0 0 0 0 0 0 0 0 0 0 0 0 0 0 0 0 0 0 0 0 0 0C 0 0 0 0 0 0 0 0 0 0 0 0 0 0 0 0 0 0 0 0 0 0 0 0 0 0 0 0 0 0 0 0 0 0 0 0 0 0 0 0 0D 0 0 0 0 0 0 0 0
0 0 0 0 0 0 0 0 0 0 0 0 0 0 0 0 0 0 0 0 0 0 0 0 0 0 0 0C 0 0 0 0 0 0 0 0 0 0 0 0 0 0 0 0 0 0 0 0 0 0 0 0 0 0 0 0 0 0 0 0 0 0 0 0C 0 0 0 0 0 0 0 0 0 0 0 0 0 0 0 0 0 0 0 0 0 0 0 0 0 0 0 0 0 0 0 0 0 0 0 0
0 0 0 0 0 0 0 0 0 0 0 0 0 0 0 0 0 0 0 0 0F 0 0 0 0 0 0 0 0 0F 0 0 0 0 0 0C 0 0 0 0 0 0 0 0 0 0 0 0 0 0 0 0 0 0 0 0 0 0 0 0 0 0C 0 0 0 0 0 0 0 0 0 0 0 0 0C 0 0 0 0 0 0 0 0 0 0 0D 0 0 0 0 0 0 0 0 0 0 0 0 0 0
0 0 0 0 0 0 0 0 0 0 0 0 0 0 0 0 0 0 0 0 0 0 0 0 0 0 0 0 0 0 0F 0 0 0 0 0 0 0 0 0 0 0 0 0 0 0 0 0 0 0F 0 0 0 0 0 0 0 0 0 0 0 0 0 0 0 0 0 0 0 0 0 0 0 0 0 0 0 0 0 0 0 0 0 0 0 0 0 0 0 0 0 0 0 0 0 0 0 0 0D 0
0 0 0C 0 0 0 0 0 0 0 0 0 0 0 0 0 0 0 0 0 0 0 0 0 0 0 0 0 0 0 0F 0 0 0 0 0 0 0 0 0 0 0 0 0 0F 0 0C 0 0 0 0 0 0 0 0 0 0 0 0 0 0 0 0 0 0 0 0 0 0 0 0 0 0 0 0 0 0 0 0 0 0 0 0 0 0 0 0 0 0 0 0 0 0 0 0 0 0 0 0 0
0 0 0 0 0 0 0 0 0 0 0 0 0 0 0 0 0 0 0 0 0 0 0C 0 0 0 0 0 0 0 0 0 0 0 0 0 0C 0 0 0 0 0 0 0 0 0 0 0 0 0 0 0 0 0 0 0 0 0 0 0 0 0 0 0 0 0 0 0 0 0 0 0 0 0 0 0 0 0 0 0 0 0 0 0 0 0 0 0 0 0 0 0 0 0 0 0 0 0 0 0
0 0 0 0 0 0 0 0 0 0 0 0 0 0 0 0 0 0 0 0 0 0 0 0 0 0 0 0 0 0 0 0 0 0C 0 0 0 0 0 0 0 0 0 0 0 0D 0 0 0 0 0 0 0 0 0 0 0 0 0 0 0 0 0 0 0 0 0 0 0 0 0 0 0 0 0 0 0 0 0 0 0 0 0 0 0 0 0 0 0 0 0 0 0 0 0 0 0 0 0 0
0C 0 0 0 0 0 0 0 0 0 0 0 0 0 0 0 0 0 0 0 0 0 0 0 0 0 0 0 0 0 0 0 0 0 0 0 0 0 0 0 0 0 0 0 0 0 0 0 0 0 0 0 0 0 0 0 0 0C 0 0 0 0 0 0 0 0 0 0 0 0 0 0 0 0 0 0 0 0 0 0 0 0 0 0 0 0 0 0 0 0 0 0 0 0 0 0 0 0 0 0
0 0 0 0 0 0 0 0 0 0 0 0 0 0 0 0 0 0 0 0 0 0 0 0 0 0 0 0 0 0 0 0 0 0 0 0 0 0 0 0 0 0 0 0 0 0 0 0 0 0 0 0 0 0 0 0 0 0 0 0 0 0 0 0 0D 0 0 0 0 0 0 0 0 0 0 0 0 0C 0 0 0 0D 0 0 0 0 0 0 0 0 0 0 0 0 0 0 0 0 0 0
0 0 0 0 0 0 0 0C 0 0 0 0 0 0F 0 0 0 0 0 0 0 0 0 0 0 0 0 0 0 0 0 0 0F 0 0 0 0 0 0 0 0 0 0 0 0 0 0C 0 0 0 0 0 0 0 0 0 0 0 0 0 0 0 0 0 0 0 0 0 0 0 0 0 0 0 0 0 0 0 0 0 0 0 0 0 0 0 0 0 0 0 0 0 0 0 0 0 0 0 0 0
0 0 0 0 0 0 0 0 0 0 0 0 0 0 0 0 0C 0 0 0 0 0 0 0 0 0 0 0 0 0 0 0 0C 0 0 0 0 0 0 0 0 0 0 0 0 0 0 0C 0 0 0 0 0 0 0 0 0 0 0 0 0 0 0 0 0 0 0 0 0 0 0 0 0 0 0 0 0 0 0 0 0 0 0 0 0 0 0 0 0 0 0 0 0 0 0 0 0 0 0 0
